<?xml version="1.0"?>
<opencv_storage>
<Q type_id="opencv-matrix">
  <rows>4</rows>
  <cols>4</cols>
  <dt>d</dt>
  <data>
    1. 0. 0. 7.2382453441619873e+01 0. 1. 0.
       -1.5529628562927246e+02 0. 0. 0. 9.7345597327503015e+02 0.
       0. -3.1736988756696721e-01 0.</data></Q>
</opencv_storage>

