<?xml version="1.0"?>
<opencv_storage>
<Distortion type_id="opencv-matrix">
  <rows>5</rows>
  <cols>1</cols>
  <dt>f</dt>
  <data>
    5.45013428e-01 -1.71522057e+00 -3.09307035e-02 6.62620887e-02
    2.00129962e+00</data></Distortion>
</opencv_storage>
