%YAML:1.0
R: !!opencv-matrix
   rows: 3
   cols: 3
   dt: d
   data: [ 9.9855135504999082e-01, 1.1449234023835743e-03,
       5.3794799732223154e-02, 3.3762737664769351e-04,
       9.9962058456269831e-01, -2.7542202640383474e-02,
       -5.3805922867114366e-02, 2.7520466364727231e-02,
       9.9817210269346146e-01 ]
T: !!opencv-matrix
   rows: 3
   cols: 1
   dt: d
   data: [ -2.5674243257138674e+00, -4.2144645719992165e-02,
       1.4528968267516676e-01 ]
R1: !!opencv-matrix
   rows: 3
   cols: 3
   dt: d
   data: [ 9.9986756659806275e-01, 1.5968770942482984e-02,
       -3.1380917537770746e-03, -1.6011109978068771e-02,
       9.9977428823865777e-01, -1.3964846370637829e-02,
       2.9143820166203892e-03, 1.4013241290716429e-02,
       9.9989756247627160e-01 ]
R2: !!opencv-matrix
   rows: 3
   cols: 3
   dt: d
   data: [ 9.9826858349915615e-01, 1.6386724766764900e-02,
       -5.6491684786406621e-02, -1.5594486698548939e-02,
       9.9977417527940549e-01, 1.4436427154716104e-02,
       5.6715493325873598e-02, -1.3530472859546963e-02,
       9.9829869233661728e-01 ]
P1: !!opencv-matrix
   rows: 3
   cols: 4
   dt: d
   data: [ 7.9798089969234968e+02, 0., 3.9979796981811523e+02, 0., 0.,
       7.9798089969234968e+02, 3.2313275527954102e+02, 0., 0., 0., 1.,
       0. ]
P2: !!opencv-matrix
   rows: 3
   cols: 4
   dt: d
   data: [ 7.9798089969234968e+02, 0., 3.9979796981811523e+02,
       -2.0523089749492333e+03, 0., 7.9798089969234968e+02,
       3.2313275527954102e+02, 0., 0., 0., 1., 0. ]
Q: !!opencv-matrix
   rows: 4
   cols: 4
   dt: d
   data: [ 1., 0., 0., -3.9979796981811523e+02, 0., 1., 0.,
       -3.2313275527954102e+02, 0., 0., 0., 7.9798089969234968e+02, 0.,
       0., -3.8882103495751114e-01, 0. ]
