%YAML:1.0
R: !!opencv-matrix
   rows: 3
   cols: 3
   dt: d
   data: [ 9.9886876215602871e-01, -4.0407895026943006e-03,
       4.7380038086497080e-02, 5.9230963389081959e-03,
       9.9919587539862165e-01, -3.9655006192689718e-02,
       -4.7181701099504779e-02, 3.9890783479109099e-02,
       9.9808948119634033e-01 ]
T: !!opencv-matrix
   rows: 3
   cols: 1
   dt: d
   data: [ -2.4997909125445217e+00, -4.8960718731224956e-02,
       -2.3514334542529958e-01 ]
R1: !!opencv-matrix
   rows: 3
   cols: 3
   dt: d
   data: [ 9.8998739531134072e-01, 1.9193329633354208e-02,
       1.3984481836039747e-01, -1.6352565928408790e-02,
       9.9963650951673655e-01, -2.1434608201521075e-02,
       -1.4020538760056334e-01, 1.8933170330958194e-02,
       9.8994140450280932e-01 ]
R2: !!opencv-matrix
   rows: 3
   cols: 3
   dt: d
   data: [ 9.9541578071992065e-01, 1.9496139383450392e-02,
       9.3633989784115565e-02, -2.1388960554106991e-02,
       9.9958580890458493e-01, 1.9254168457285933e-02,
       -9.3219825467363127e-02, -2.1168636841038257e-02,
       9.9542049052354076e-01 ]
P1: !!opencv-matrix
   rows: 3
   cols: 4
   dt: d
   data: [ -3.1566904132620057e+03, 0., 2.0496727409362793e+03, 0., 0.,
       -3.1566904132620057e+03, -2.2422920227050781e+02, 0., 0., 0., 1.,
       0. ]
P2: !!opencv-matrix
   rows: 3
   cols: 4
   dt: d
   data: [ -3.1566904132620057e+03, 0., 2.0496727409362793e+03,
       7.9274069807107799e+03, 0., -3.1566904132620057e+03,
       -2.2422920227050781e+02, 0., 0., 0., 1., 0. ]
Q: !!opencv-matrix
   rows: 4
   cols: 4
   dt: d
   data: [ 1., 0., 0., -2.0496727409362793e+03, 0., 1., 0.,
       2.2422920227050781e+02, 0., 0., 0., -3.1566904132620057e+03, 0.,
       0., -3.9819961570573648e-01, 0. ]
