%YAML:1.0
R: !!opencv-matrix
   rows: 3
   cols: 3
   dt: d
   data: [ 9.9934162322964581e-01, 1.0390011264500492e-02,
       3.4761584351984960e-02, -1.0852608186299541e-02,
       9.9985469662880688e-01, 1.3145589559666764e-02,
       -3.4619950552987173e-02, -1.3514188663775142e-02,
       9.9930917424412191e-01 ]
T: !!opencv-matrix
   rows: 3
   cols: 1
   dt: d
   data: [ -2.9919286187094438e+00, 1.6599270376487565e-01,
       -9.7414829981831819e-01 ]
R1: !!opencv-matrix
   rows: 3
   cols: 3
   dt: d
   data: [ 9.3879132747405047e-01, -4.6985734746969036e-02,
       3.4126702769209594e-01, 4.4250511370127914e-02,
       9.9889552429990069e-01, 1.5799486609021352e-02,
       -3.4163245703971468e-01, 2.6881948204721985e-04,
       9.3983359805504596e-01 ]
R2: !!opencv-matrix
   rows: 3
   cols: 3
   dt: d
   data: [ 9.4954804932820791e-01, -5.2681085730795434e-02,
       3.0916533638689181e-01, 5.5149128797376261e-02,
       9.9847784151702257e-01, 7.5735883037722235e-04,
       -3.0873463623294006e-01, 1.6331050356058682e-02,
       9.5100800269208152e-01 ]
P1: !!opencv-matrix
   rows: 3
   cols: 4
   dt: d
   data: [ 9.7345597327503015e+02, 0., -7.2382453441619873e+01, 0., 0.,
       9.7345597327503015e+02, 1.5529628562927246e+02, 0., 0., 0., 1.,
       0. ]
P2: !!opencv-matrix
   rows: 3
   cols: 4
   dt: d
   data: [ 9.7345597327503015e+02, 0., -7.2382453441619873e+01,
       -3.0672600376102923e+03, 0., 9.7345597327503015e+02,
       1.5529628562927246e+02, 0., 0., 0., 1., 0. ]
Q: !!opencv-matrix
   rows: 4
   cols: 4
   dt: d
   data: [ 1., 0., 0., 7.2382453441619873e+01, 0., 1., 0.,
       -1.5529628562927246e+02, 0., 0., 0., 9.7345597327503015e+02, 0.,
       0., -3.1736988756696721e-01, 0. ]
