%YAML:1.0
M1: !!opencv-matrix
   rows: 3
   cols: 3
   dt: d
   data: [ 7.5894763371957492e+02, 0., 4.0364058660897030e+02, 0.,
       7.5894763371957492e+02, 2.9511271893792042e+02, 0., 0., 1. ]
D1: !!opencv-matrix
   rows: 1
   cols: 8
   dt: d
   data: [ -2.8923068141453251e-01, 8.5656767192434042e+00, 0., 0., 0.,
       0., 0., 5.6569299120331664e+01 ]
M2: !!opencv-matrix
   rows: 3
   cols: 3
   dt: d
   data: [ 7.5894763371957492e+02, 0., 3.8393198788328493e+02, 0.,
       7.5894763371957492e+02, 2.9929969278941167e+02, 0., 0., 1. ]
D2: !!opencv-matrix
   rows: 1
   cols: 8
   dt: d
   data: [ 1.9930387618981882e-01, -8.0033415735640079e-01, 0., 0., 0.,
       0., 0., -1.2542573184064747e+00 ]
