%YAML:1.0
M1: !!opencv-matrix
   rows: 3
   cols: 3
   dt: d
   data: [ 1.1938709369096850e+03, 0., 3.5477621821830127e+02, 0.,
       1.1938709369096850e+03, 1.7298894008331715e+02, 0., 0., 1. ]
D1: !!opencv-matrix
   rows: 1
   cols: 8
   dt: d
   data: [ 3.2697368144865790e-01, -1.0422484742147393e+01, 0., 0., 0.,
       0., 0., -9.7938961245010788e+01 ]
M2: !!opencv-matrix
   rows: 3
   cols: 3
   dt: d
   data: [ 1.1938709369096850e+03, 0., 3.5290281937708954e+02, 0.,
       1.1938709369096850e+03, 1.4883156779987513e+02, 0., 0., 1. ]
D2: !!opencv-matrix
   rows: 1
   cols: 8
   dt: d
   data: [ -2.9440634084119355e-01, 2.5240207694673304e+00, 0., 0., 0.,
       0., 0., 6.4594568905499257e+00 ]
