%YAML:1.0
M1: !!opencv-matrix
   rows: 3
   cols: 3
   dt: d
   data: [ 8.2934358631347936e+02, 0., 3.9776833548194537e+02, 0.,
       8.2934358631347936e+02, 3.1634766683017176e+02, 0., 0., 1. ]
D1: !!opencv-matrix
   rows: 1
   cols: 8
   dt: d
   data: [ 3.9743104105919586e-01, -2.5780713853371773e+00, 0., 0., 0.,
       0., 0., -4.2280561473112801e+00 ]
M2: !!opencv-matrix
   rows: 3
   cols: 3
   dt: d
   data: [ 8.2934358631347936e+02, 0., 3.4370844043876724e+02, 0.,
       8.2934358631347936e+02, 3.3623924186947863e+02, 0., 0., 1. ]
D2: !!opencv-matrix
   rows: 1
   cols: 8
   dt: d
   data: [ 4.5389355929185676e-01, -3.2137455428974118e+00, 0., 0., 0.,
       0., 0., -6.6871907846426915e+00 ]
